Name,Symbol,Date,Open,High,Low,Close,Adj Close,Volume
LunchDAO USD,LUNCH-USD,2022-05-31,0.0021379999816417,0.0022319999989122,0.0017160000279545,0.0017549999756738,0.0017549999756738,452473
LunchDAO USD,LUNCH-USD,2022-06-01,0.0017549999756738,0.0020739999599754,0.0016360000008717,0.0017869999865069,0.0017869999865069,248884
LunchDAO USD,LUNCH-USD,2022-06-02,0.0017869999865069,0.0018980000168085,0.0017140000127255,0.0017969999462366,0.0017969999462366,111093
LunchDAO USD,LUNCH-USD,2022-06-03,0.0017969999462366,0.0018880000570788,0.0016319999704137,0.0018070000223815,0.0018070000223815,116712
LunchDAO USD,LUNCH-USD,2022-06-04,0.0018070000223815,0.0027240000199526,0.0017280000029131,0.0027240000199526,0.0027240000199526,376373
LunchDAO USD,LUNCH-USD,2022-06-05,0.0027240000199526,0.0033569999504834,0.0024550000671297,0.0028969999402761,0.0028969999402761,487739
LunchDAO USD,LUNCH-USD,2022-06-06,0.0028969999402761,0.0030549999792128,0.002070999937132,0.0023580000270158,0.0023580000270158,401698
LunchDAO USD,LUNCH-USD,2022-06-07,0.0023580000270158,0.0023729999084025,0.001713000005111,0.0022330000065267,0.0022330000065267,357157
LunchDAO USD,LUNCH-USD,2022-06-08,0.0022330000065267,0.0031399999279528,0.0021750000305473,0.0027089999057352,0.0027089999057352,658822
LunchDAO USD,LUNCH-USD,2022-06-09,0.0027099999133497,0.0089990003034472,0.002678999910131,0.0066399998031556,0.0066399998031556,8456110
LunchDAO USD,LUNCH-USD,2022-06-10,0.0066399998031556,0.0112530002370476,0.0062930001877248,0.0081650000065565,0.0081650000065565,4309484
LunchDAO USD,LUNCH-USD,2022-06-11,0.0081650000065565,0.0089020002633333,0.0042770002037286,0.0053220000118017,0.0053220000118017,2693702
LunchDAO USD,LUNCH-USD,2022-06-12,0.0053220000118017,0.0059009999968111,0.0036849998869001,0.005018999800086,0.005018999800086,1582326
LunchDAO USD,LUNCH-USD,2022-06-13,0.005018999800086,0.0050809998065233,0.0034970000851899,0.0036849998869001,0.0036849998869001,1004609
LunchDAO USD,LUNCH-USD,2022-06-14,0.0036849998869001,0.0042869998142123,0.0026630000211298,0.0036410000175237,0.0036410000175237,1472561
LunchDAO USD,LUNCH-USD,2022-06-15,0.0036410000175237,0.0047189998440444,0.0028119999915361,0.0034409998916089,0.0034409998916089,1806147
LunchDAO USD,LUNCH-USD,2022-06-16,0.0034409998916089,0.0039860000833868,0.003089000005275,0.0033789998851716,0.0033789998851716,910906
LunchDAO USD,LUNCH-USD,2022-06-17,0.0033789998851716,0.0035840000491589,0.0013350000372156,0.0015190000412985,0.0015190000412985,2663371
LunchDAO USD,LUNCH-USD,2022-06-18,0.0015190000412985,0.0015589999966323,0.0007409999961964,0.0008169999928213,0.0008169999928213,818411
LunchDAO USD,LUNCH-USD,2022-06-19,0.0008169999928213,0.0008570000063627,0.0006230000290088,0.0007169999880716,0.0007169999880716,609732
LunchDAO USD,LUNCH-USD,2022-06-20,0.0007169999880716,0.0007210000185295,0.0005290000117383,0.0005479999817907,0.0005479999817907,510210
LunchDAO USD,LUNCH-USD,2022-06-21,0.0005479999817907,0.0006419999990612,0.0005109999910928,0.0005450000171549,0.0005450000171549,466112
LunchDAO USD,LUNCH-USD,2022-06-22,0.0005450000171549,0.0012080000014975,0.000538999971468,0.0007949999999254,0.0007949999999254,1261717
LunchDAO USD,LUNCH-USD,2022-06-23,0.0007949999999254,0.0010359999723732,0.0007149999728426,0.0007190000033006,0.0007190000033006,661041
LunchDAO USD,LUNCH-USD,2022-06-24,0.0007169999880716,0.0007989999721758,0.0006849999772384,0.0007280000136233,0.0007280000136233,519046
LunchDAO USD,LUNCH-USD,2022-06-25,0.0007270000060088,0.0007880000048317,0.000648999994155,0.0007149999728426,0.0007149999728426,538694
LunchDAO USD,LUNCH-USD,2022-06-26,0.0007149999728426,0.0007319999858736,0.0006290000164881,0.000666000007186,0.000666000007186,449531
LunchDAO USD,LUNCH-USD,2022-06-27,0.000666000007186,0.0007789999945089,0.0006500000017695,0.0007249999907799,0.0007249999907799,439971
LunchDAO USD,LUNCH-USD,2022-06-28,0.0007249999907799,0.0008389999857172,0.0007249999907799,0.0008019999950192,0.0008019999950192,328432
LunchDAO USD,LUNCH-USD,2022-06-29,0.0008019999950192,0.0008060000254772,0.000666000007186,0.0006890000076964,0.0006890000076964,125053
LunchDAO USD,LUNCH-USD,2022-06-30,0.0006890000076964,0.0013530000578612,0.0005890000029467,0.0009399999980814,0.0009399999980814,682081
LunchDAO USD,LUNCH-USD,2022-07-01,0.0009399999980814,0.0010819999733939,0.0008389999857172,0.0008510000188834,0.0008510000188834,607428
LunchDAO USD,LUNCH-USD,2022-07-02,0.0008510000188834,0.0009069999796338,0.0008249999955296,0.0008260000031441,0.0008260000031441,367657
LunchDAO USD,LUNCH-USD,2022-07-03,0.0008260000031441,0.0008319999906234,0.0007300000288523,0.0007880000048317,0.0007880000048317,411085
LunchDAO USD,LUNCH-USD,2022-07-04,0.0007849999819882,0.0008619999862276,0.0007309999782592,0.0007409999961964,0.0007409999961964,506414
LunchDAO USD,LUNCH-USD,2022-07-05,0.0007409999961964,0.0008019999950192,0.0007099999929778,0.0007179999956861,0.0007179999956861,406525
LunchDAO USD,LUNCH-USD,2022-07-06,0.0007179999956861,0.0007399999885819,0.000702999997884,0.0007200000109151,0.0007200000109151,133320
LunchDAO USD,LUNCH-USD,2022-07-07,0.0007210000185295,0.0007489999989047,0.000663999991957,0.0007179999956861,0.0007179999956861,425393
LunchDAO USD,LUNCH-USD,2022-07-08,0.0007179999956861,0.0007810000097379,0.0006939999875612,0.000702999997884,0.000702999997884,118119
LunchDAO USD,LUNCH-USD,2022-07-09,0.000702999997884,0.0007179999956861,0.0006869999924674,0.0006910000229254,0.0006910000229254,108216
LunchDAO USD,LUNCH-USD,2022-07-10,0.0006910000229254,0.0007040000054985,0.0006840000278316,0.0006949999951757,0.0006949999951757,298014
LunchDAO USD,LUNCH-USD,2022-07-11,0.0006949999951757,0.0009159999899566,0.0006769999745301,0.0007619999814778,0.0007619999814778,516840
LunchDAO USD,LUNCH-USD,2022-07-12,0.0007619999814778,0.0008469999884255,0.0007149999728426,0.0008050000178627,0.0008050000178627,212612
LunchDAO USD,LUNCH-USD,2022-07-13,0.0008050000178627,0.0008140000281855,0.0006949999951757,0.0007810000097379,0.0007810000097379,236320
LunchDAO USD,LUNCH-USD,2022-07-14,0.0007769999792799,0.0008009999874047,0.0007259999983943,0.0007680000271648,0.0007680000271648,174550
LunchDAO USD,LUNCH-USD,2022-07-15,0.0007680000271648,0.0008779999916441,0.000754999986384,0.0007830000249668,0.0007830000249668,216253
LunchDAO USD,LUNCH-USD,2022-07-16,0.0007830000249668,0.0008670000243,0.000759000016842,0.0007719999994151,0.0007719999994151,386937
LunchDAO USD,LUNCH-USD,2022-07-17,0.0007719999994151,0.0008009999874047,0.0007300000288523,0.0007619999814778,0.0007619999814778,408257
LunchDAO USD,LUNCH-USD,2022-07-18,0.0007619999814778,0.0008050000178627,0.0007379999733529,0.0007670000195503,0.0007670000195503,478575
LunchDAO USD,LUNCH-USD,2022-07-19,0.0007670000195503,0.0008260000031441,0.0007389999809674,0.0007639999967068,0.0007639999967068,429907
LunchDAO USD,LUNCH-USD,2022-07-20,0.0007639999967068,0.0007890000124461,0.0006779999821446,0.0006999999750405,0.0006999999750405,407087
LunchDAO USD,LUNCH-USD,2022-07-21,0.0006999999750405,0.000752999971155,0.0006779999821446,0.0007309999782592,0.0007309999782592,344585
LunchDAO USD,LUNCH-USD,2022-07-22,0.0007309999782592,0.0007409999961964,0.0006799999973736,0.0006830000202171,0.0006830000202171,158509
LunchDAO USD,LUNCH-USD,2022-07-23,0.0006830000202171,0.0006990000256337,0.0006689999718219,0.0006789999897591,0.0006789999897591,109057
LunchDAO USD,LUNCH-USD,2022-07-24,0.0006789999897591,0.0007309999782592,0.0006600000197067,0.0006769999745301,0.0006769999745301,185477
LunchDAO USD,LUNCH-USD,2022-07-25,0.0006830000202171,0.0007450000266544,0.0006230000290088,0.0006230000290088,0.0006230000290088,197553
LunchDAO USD,LUNCH-USD,2022-07-26,0.0006220000213943,0.0006220000213943,0.0005760000203736,0.0005959999980404,0.0005959999980404,102871
LunchDAO USD,LUNCH-USD,2022-07-27,0.0005959999980404,0.0006249999860301,0.0005779999773949,0.0006169999833218,0.0006169999833218,111847
LunchDAO USD,LUNCH-USD,2022-07-28,0.0006169999833218,0.000646999978926,0.0005770000279881,0.0005900000105611,0.0005900000105611,107571
LunchDAO USD,LUNCH-USD,2022-07-29,0.0005900000105611,0.000609999988228,0.0005249999812804,0.0005329999839887,0.0005329999839887,157687
LunchDAO USD,LUNCH-USD,2022-07-30,0.0005329999839887,0.000560000014957,0.0004590000025928,0.0004830000107176,0.0004830000107176,145002
LunchDAO USD,LUNCH-USD,2022-07-31,0.0004830000107176,0.0005009999731555,0.0004729999927803,0.0004889999981969,0.0004889999981969,90429
LunchDAO USD,LUNCH-USD,2022-08-01,0.0004889999981969,0.0004949999856762,0.0004419999895617,0.0004590000025928,0.0004590000025928,111105
LunchDAO USD,LUNCH-USD,2022-08-02,0.0004590000025928,0.0004619999963324,0.0004290000069886,0.0004370000096969,0.0004370000096969,98131
LunchDAO USD,LUNCH-USD,2022-08-03,0.0004379999882075,0.0004600000102072,0.0004210000042803,0.0004269999917596,0.0004269999917596,95052
LunchDAO USD,LUNCH-USD,2022-08-04,0.0004269999917596,0.0004320000007282,0.000361000013072,0.0003619999915827,0.0003619999915827,96266
LunchDAO USD,LUNCH-USD,2022-08-05,0.000361000013072,0.0004060000064782,0.0003370000049471,0.0004049999988637,0.0004049999988637,111408
LunchDAO USD,LUNCH-USD,2022-08-06,0.0004049999988637,0.0004440000047907,0.0003640000068116,0.0003879999858327,0.0003879999858327,102232
LunchDAO USD,LUNCH-USD,2022-08-07,0.0003879999858327,0.0003990000113844,0.0003830000059679,0.0003859999997075,0.0003859999997075,72485
LunchDAO USD,LUNCH-USD,2022-08-08,0.0003859999997075,0.000387000007322,0.000333000003593,0.0003340000112075,0.0003340000112075,98550
LunchDAO USD,LUNCH-USD,2022-08-09,0.0003340000112075,0.0003560000041034,0.0003319999959785,0.0003370000049471,0.0003370000049471,82716
LunchDAO USD,LUNCH-USD,2022-08-10,0.0003370000049471,0.0003490000090096,0.0003239999932702,0.0003359999973326,0.0003359999973326,82653
LunchDAO USD,LUNCH-USD,2022-08-11,0.0003359999973326,0.0004090000002179,0.0003340000112075,0.0003699999942909,0.0003699999942909,107179
LunchDAO USD,LUNCH-USD,2022-08-12,0.0003699999942909,0.0004060000064782,0.0003689999866764,0.0003999999898951,0.0003999999898951,88697
LunchDAO USD,LUNCH-USD,2022-08-13,0.0003999999898951,0.0004020000051241,0.0003710000019054,0.0003720000095199,0.0003720000095199,79461
LunchDAO USD,LUNCH-USD,2022-08-14,0.0003720000095199,0.0003739999956451,0.0003319999959785,0.0003359999973326,0.0003359999973326,84855
LunchDAO USD,LUNCH-USD,2022-08-15,0.0003359999973326,0.0003410000063013,0.0003319999959785,0.0003359999973326,0.0003359999973326,71389
LunchDAO USD,LUNCH-USD,2022-08-16,0.0003359999973326,0.0003389999910723,0.0002859999949578,0.0002979999990202,0.0002979999990202,110333
LunchDAO USD,LUNCH-USD,2022-08-17,0.0002979999990202,0.0004970000009052,0.0002849999873433,0.000358999997843,0.000358999997843,219152
LunchDAO USD,LUNCH-USD,2022-08-18,0.0003579999902285,0.0004429999971762,0.0003039999864995,0.0003420000139158,0.0003420000139158,167612
LunchDAO USD,LUNCH-USD,2022-08-19,0.0003420000139158,0.0003420000139158,0.0003060000017285,0.0003100000030826,0.0003100000030826,119035
LunchDAO USD,LUNCH-USD,2022-08-20,0.0003100000030826,0.0005200000014156,0.0003020000003743,0.0003389999910723,0.0003389999910723,231635
LunchDAO USD,LUNCH-USD,2022-08-21,0.0003389999910723,0.0003480000013951,0.0003209999995306,0.0003370000049471,0.0003370000049471,85810
LunchDAO USD,LUNCH-USD,2022-08-22,0.0003370000049471,0.0003399999986868,0.0003190000134054,0.0003279999946244,0.0003279999946244,85694
LunchDAO USD,LUNCH-USD,2022-08-23,0.0003279999946244,0.0003380000125616,0.0003250000008847,0.0003250000008847,0.0003250000008847,73026
LunchDAO USD,LUNCH-USD,2022-08-24,0.0003250000008847,0.0003480000013951,0.0003180000057909,0.0003359999973326,0.0003359999973326,89748
LunchDAO USD,LUNCH-USD,2022-08-25,0.0003359999973326,0.0003450000076554,0.0003279999946244,0.000330999988364,0.000330999988364,90925
LunchDAO USD,LUNCH-USD,2022-08-26,0.000330999988364,0.0003429999924264,0.0003140000044368,0.0003140000044368,0.0003140000044368,104020
LunchDAO USD,LUNCH-USD,2022-08-27,0.0003140000044368,0.000333000003593,0.0002969999914057,0.000307000009343,0.000307000009343,78446
LunchDAO USD,LUNCH-USD,2022-08-28,0.000307000009343,0.0003110000106971,0.0002969999914057,0.0003030000079888,0.0003030000079888,75034
LunchDAO USD,LUNCH-USD,2022-08-29,0.0003030000079888,0.0003119999892078,0.0002969999914057,0.000304999994114,0.000304999994114,88224
LunchDAO USD,LUNCH-USD,2022-08-30,0.000304999994114,0.0003119999892078,0.0002929999900516,0.0002969999914057,0.0002969999914057,82977
LunchDAO USD,LUNCH-USD,2022-08-31,0.0002969999914057,0.0003009999927598,0.0002800000074785,0.0002840000088326,0.0002840000088326,89433
LunchDAO USD,LUNCH-USD,2022-09-01,0.0002840000088326,0.0002969999914057,0.0002770000137388,0.0002849999873433,0.0002849999873433,79779
LunchDAO USD,LUNCH-USD,2022-09-02,0.0002849999873433,0.0002979999990202,0.0002570000069681,0.0002629999944474,0.0002629999944474,118887
LunchDAO USD,LUNCH-USD,2022-09-03,0.0002629999944474,0.000268000003416,0.000253000005614,0.0002629999944474,0.0002629999944474,81030
LunchDAO USD,LUNCH-USD,2022-09-04,0.0002619999868329,0.0002659999881871,0.0002300000051036,0.0002479999966453,0.0002479999966453,98063
LunchDAO USD,LUNCH-USD,2022-09-05,0.0002479999966453,0.0002600000007078,0.0002320000057807,0.0002419999946141,0.0002419999946141,99348
LunchDAO USD,LUNCH-USD,2022-09-06,0.0002390000008745,0.0002450000029057,0.0002189999941037,0.0002209999947808,0.0002209999947808,86805
LunchDAO USD,LUNCH-USD,2022-09-07,0.0002209999947808,0.0002699999895412,0.0002160000003641,0.0002540000132285,0.0002540000132285,114871
LunchDAO USD,LUNCH-USD,2022-09-08,0.0002540000132285,0.0002629999944474,0.0002320000057807,0.000239999993937,0.000239999993937,98612
LunchDAO USD,LUNCH-USD,2022-09-09,0.000239999993937,0.0002479999966453,0.0002289999974891,0.0002419999946141,0.0002419999946141,84489
LunchDAO USD,LUNCH-USD,2022-09-10,0.0002419999946141,0.0002549999917391,0.000226999996812,0.000239999993937,0.000239999993937,90605
LunchDAO USD,LUNCH-USD,2022-09-11,0.000239999993937,0.0002490000042598,0.0002300000051036,0.0002329999988432,0.0002329999988432,86405
LunchDAO USD,LUNCH-USD,2022-09-12,0.0002329999988432,0.0002370000001974,0.0002200000017182,0.0002229999954579,0.0002229999954579,85136
LunchDAO USD,LUNCH-USD,2022-09-13,0.0002229999954579,0.0002260000037495,0.0002079999976558,0.0002110000059474,0.0002110000059474,74946
LunchDAO USD,LUNCH-USD,2022-09-14,0.0002090000052703,0.0002130000066244,0.0001929999998537,0.00021199999901,0.00021199999901,83076
LunchDAO USD,LUNCH-USD,2022-09-15,0.00021199999901,0.0002169999934267,0.0002030000032391,0.0002110000059474,0.0002110000059474,79700
LunchDAO USD,LUNCH-USD,2022-09-16,0.0002110000059474,0.0002110000059474,0.0001740000006975,0.0001820000034058,0.0001820000034058,90441
LunchDAO USD,LUNCH-USD,2022-09-17,0.0001820000034058,0.0001920000067912,0.0001789999951142,0.0001900000061141,0.0001900000061141,78496
LunchDAO USD,LUNCH-USD,2022-09-18,0.0001900000061141,0.0001900000061141,0.0001670000056037,0.0001670000056037,0.0001670000056037,70400
LunchDAO USD,LUNCH-USD,2022-09-19,0.0001670000056037,0.0001690000062808,0.000159999995958,0.0001659999979892,0.0001659999979892,63288
LunchDAO USD,LUNCH-USD,2022-09-20,0.0001659999979892,0.0001690000062808,0.0001590000028954,0.000159999995958,0.000159999995958,63740
LunchDAO USD,LUNCH-USD,2022-09-21,0.000159999995958,0.0001690000062808,0.0001550000015413,0.0001550000015413,0.0001550000015413,60854
LunchDAO USD,LUNCH-USD,2022-09-22,0.0001550000015413,0.0001590000028954,0.0001429999974789,0.0001530000008642,0.0001530000008642,120816
LunchDAO USD,LUNCH-USD,2022-09-23,0.0001530000008642,0.0001559999946039,0.0001420000044163,0.0001429999974789,0.0001429999974789,137653
LunchDAO USD,LUNCH-USD,2022-09-24,0.0001429999974789,0.0001630000042496,0.0001429999974789,0.0001480000064475,0.0001480000064475,137560
LunchDAO USD,LUNCH-USD,2022-09-25,0.0001480000064475,0.000172999993083,0.0001460000057704,0.0001610000035725,0.0001610000035725,148448
LunchDAO USD,LUNCH-USD,2022-09-26,0.0001610000035725,0.0001610000035725,0.0001429999974789,0.0001489999995101,0.0001489999995101,139576
LunchDAO USD,LUNCH-USD,2022-09-27,0.0001489999995101,0.0001760000013746,0.0001480000064475,0.0001539999939268,0.0001539999939268,142947
LunchDAO USD,LUNCH-USD,2022-09-28,0.0001539999939268,0.000159999995958,0.0001400000037392,0.0001409999968018,0.0001409999968018,128332
LunchDAO USD,LUNCH-USD,2022-09-29,0.0001409999968018,0.0001500000071246,0.0001400000037392,0.000146999998833,0.000146999998833,128494
LunchDAO USD,LUNCH-USD,2022-09-30,0.000146999998833,0.0001489999995101,0.0001440000050934,0.0001460000057704,0.0001460000057704,122117
LunchDAO USD,LUNCH-USD,2022-10-01,0.0001460000057704,0.0001749999937601,0.0001449999981559,0.0001530000008642,0.0001530000008642,111127
LunchDAO USD,LUNCH-USD,2022-10-02,0.0001530000008642,0.0001579999952809,0.0001460000057704,0.0001500000071246,0.0001500000071246,102714
LunchDAO USD,LUNCH-USD,2022-10-03,0.0001500000071246,0.0001539999939268,0.0001480000064475,0.0001519999932497,0.0001519999932497,102213
LunchDAO USD,LUNCH-USD,2022-10-04,0.0001519999932497,0.0001559999946039,0.0001500000071246,0.0001539999939268,0.0001539999939268,103075
LunchDAO USD,LUNCH-USD,2022-10-05,0.0001539999939268,0.0001570000022184,0.0001530000008642,0.0001550000015413,0.0001550000015413,99915
LunchDAO USD,LUNCH-USD,2022-10-06,0.0001550000015413,0.000159999995958,0.0001539999939268,0.0001559999946039,0.0001559999946039,102207
LunchDAO USD,LUNCH-USD,2022-10-07,0.0001559999946039,0.0001570000022184,0.0001460000057704,0.0001500000071246,0.0001500000071246,100303
LunchDAO USD,LUNCH-USD,2022-10-08,0.0001500000071246,0.0001579999952809,0.0001480000064475,0.0001500000071246,0.0001500000071246,103789
LunchDAO USD,LUNCH-USD,2022-10-09,0.0001500000071246,0.0001519999932497,0.0001420000044163,0.0001420000044163,0.0001420000044163,96173
LunchDAO USD,LUNCH-USD,2022-10-10,0.0001420000044163,0.0001500000071246,0.000134000001708,0.0001440000050934,0.0001440000050934,97232
LunchDAO USD,LUNCH-USD,2022-10-11,0.0001440000050934,0.0001449999981559,0.0001329999940935,0.0001400000037392,0.0001400000037392,96398
LunchDAO USD,LUNCH-USD,2022-10-12,0.0001400000037392,0.0001840000040829,0.0001360000023851,0.0001389999961247,0.0001389999961247,121964
LunchDAO USD,LUNCH-USD,2022-10-13,0.0001389999961247,0.0001400000037392,0.0001329999940935,0.0001369999954476,0.0001369999954476,94724
LunchDAO USD,LUNCH-USD,2022-10-14,0.0001369999954476,0.0001670000056037,0.0001349999947706,0.0001400000037392,0.0001400000037392,122518
LunchDAO USD,LUNCH-USD,2022-10-15,0.0001400000037392,0.0001409999968018,0.0001369999954476,0.0001380000030621,0.0001380000030621,90160
LunchDAO USD,LUNCH-USD,2022-10-16,0.0001380000030621,0.0001409999968018,0.0001349999947706,0.0001360000023851,0.0001360000023851,86506
LunchDAO USD,LUNCH-USD,2022-10-17,0.0001360000023851,0.0001429999974789,0.0001349999947706,0.0001409999968018,0.0001409999968018,95736
LunchDAO USD,LUNCH-USD,2022-10-18,0.0001409999968018,0.0001429999974789,0.0001400000037392,0.0001409999968018,0.0001409999968018,91250
LunchDAO USD,LUNCH-USD,2022-10-19,0.0001409999968018,0.0001420000044163,0.0001369999954476,0.0001389999961247,0.0001389999961247,78774
LunchDAO USD,LUNCH-USD,2022-10-20,0.0001389999961247,0.0001579999952809,0.0001369999954476,0.0001380000030621,0.0001380000030621,101663
LunchDAO USD,LUNCH-USD,2022-10-21,0.0001380000030621,0.0001409999968018,0.0001349999947706,0.0001380000030621,0.0001380000030621,90286
LunchDAO USD,LUNCH-USD,2022-10-22,0.0001380000030621,0.0001389999961247,0.0001300000003539,0.0001320000010309,0.0001320000010309,88454
LunchDAO USD,LUNCH-USD,2022-10-23,0.0001320000010309,0.0005530000198632,0.0001279999996768,0.0003229999856557,0.0003229999856557,1074221
LunchDAO USD,LUNCH-USD,2022-10-24,0.0003229999856557,0.0003359999973326,0.0002739999908953,0.0002830000012181,0.0002830000012181,280015
LunchDAO USD,LUNCH-USD,2022-10-25,0.0002830000012181,0.0002830000012181,0.0002059999969787,0.0002419999946141,0.0002419999946141,156968
LunchDAO USD,LUNCH-USD,2022-10-26,0.0002419999946141,0.0002500000118743,0.0002130000066244,0.000213999999687,0.000213999999687,92879
LunchDAO USD,LUNCH-USD,2022-10-27,0.000213999999687,0.0002149999927496,0.0001939999929163,0.0001939999929163,0.0001939999929163,88122
LunchDAO USD,LUNCH-USD,2022-10-28,0.0001939999929163,0.000201000002562,0.0001849999971454,0.0001950000005308,0.0001950000005308,70375
LunchDAO USD,LUNCH-USD,2022-10-29,0.0001950000005308,0.0002469999890308,0.0001939999929163,0.000201000002562,0.000201000002562,133680
LunchDAO USD,LUNCH-USD,2022-10-30,0.000201000002562,0.000201000002562,0.0001900000061141,0.0001909999991767,0.0001909999991767,83122
LunchDAO USD,LUNCH-USD,2022-10-31,0.0001909999991767,0.0001990000018849,0.0001820000034058,0.0001920000067912,0.0001920000067912,86526
LunchDAO USD,LUNCH-USD,2022-11-01,0.0001920000067912,0.0001950000005308,0.0001849999971454,0.0001869999978225,0.0001869999978225,80491
LunchDAO USD,LUNCH-USD,2022-11-02,0.0001869999978225,0.0001950000005308,0.0001809999957913,0.0001829999964684,0.0001829999964684,80921
LunchDAO USD,LUNCH-USD,2022-11-03,0.0001829999964684,0.000188000005437,0.0001789999951142,0.0001789999951142,0.0001789999951142,75977
LunchDAO USD,LUNCH-USD,2022-11-04,0.0001789999951142,0.0001920000067912,0.0001789999951142,0.0001840000040829,0.0001840000040829,78059
LunchDAO USD,LUNCH-USD,2022-11-05,0.0001840000040829,0.0001860000047599,0.0001789999951142,0.0001789999951142,0.0001789999951142,75850
LunchDAO USD,LUNCH-USD,2022-11-06,0.0001789999951142,0.0001829999964684,0.0001670000056037,0.0001690000062808,0.0001690000062808,82986
LunchDAO USD,LUNCH-USD,2022-11-07,0.0001690000062808,0.0001829999964684,0.0001610000035725,0.0001769999944372,0.0001769999944372,78868
LunchDAO USD,LUNCH-USD,2022-11-08,0.0001769999944372,0.0001829999964684,0.000146999998833,0.0001559999946039,0.0001559999946039,88411
LunchDAO USD,LUNCH-USD,2022-11-09,0.0001559999946039,0.0001559999946039,0.0001170000032288,0.0001199999969685,0.0001199999969685,80541
LunchDAO USD,LUNCH-USD,2022-11-10,0.0001199999969685,0.000146999998833,0.00011899999663,0.0001420000044163,0.0001420000044163,78631
LunchDAO USD,LUNCH-USD,2022-11-11,0.0001420000044163,0.0001429999974789,0.0001219999976456,0.0001300000003539,0.0001300000003539,72870
LunchDAO USD,LUNCH-USD,2022-11-12,0.0001300000003539,0.0001360000023851,0.0001270000066142,0.000134000001708,0.000134000001708,71098
LunchDAO USD,LUNCH-USD,2022-11-13,0.000134000001708,0.000134000001708,0.00011899999663,0.0001199999969685,0.0001199999969685,76910
LunchDAO USD,LUNCH-USD,2022-11-14,0.0001199999969685,0.0001279999996768,0.0001140000022132,0.0001230000052601,0.0001230000052601,77954
LunchDAO USD,LUNCH-USD,2022-11-15,0.0001230000052601,0.0003499999875202,0.0001219999976456,0.0002340000064577,0.0002340000064577,316848
LunchDAO USD,LUNCH-USD,2022-11-16,0.0002340000064577,0.0002410000015515,0.0001749999937601,0.0001950000005308,0.0001950000005308,209448
LunchDAO USD,LUNCH-USD,2022-11-17,0.0001950000005308,0.0001959999935934,0.0001740000006975,0.0001760000013746,0.0001760000013746,96702
LunchDAO USD,LUNCH-USD,2022-11-18,0.0001760000013746,0.0001800000027287,0.0001369999954476,0.0001489999995101,0.0001489999995101,112249
LunchDAO USD,LUNCH-USD,2022-11-19,0.0001489999995101,0.0001510000001871,0.0001480000064475,0.0001500000071246,0.0001500000071246,87028
LunchDAO USD,LUNCH-USD,2022-11-20,0.0001500000071246,0.0001510000001871,0.0001360000023851,0.0001360000023851,0.0001360000023851,88920
LunchDAO USD,LUNCH-USD,2022-11-21,0.0001360000023851,0.0001840000040829,0.0001289999927394,0.0001449999981559,0.0001449999981559,115423
LunchDAO USD,LUNCH-USD,2022-11-22,0.0001449999981559,0.0001489999995101,0.0001360000023851,0.0001369999954476,0.0001369999954476,85561
LunchDAO USD,LUNCH-USD,2022-11-23,0.0001369999954476,0.0001449999981559,0.0001360000023851,0.0001449999981559,0.0001449999981559,75697
LunchDAO USD,LUNCH-USD,2022-11-24,0.0001449999981559,0.0001460000057704,0.0001349999947706,0.0001360000023851,0.0001360000023851,75258
LunchDAO USD,LUNCH-USD,2022-11-25,0.0001360000023851,0.0001460000057704,0.0001360000023851,0.0001449999981559,0.0001449999981559,79522
LunchDAO USD,LUNCH-USD,2022-11-26,0.0001449999981559,0.0001519999932497,0.0001449999981559,0.0001510000001871,0.0001510000001871,79884
LunchDAO USD,LUNCH-USD,2022-11-27,0.0001510000001871,0.0001539999939268,0.0001460000057704,0.0001510000001871,0.0001510000001871,77408
LunchDAO USD,LUNCH-USD,2022-11-28,0.0001510000001871,0.0001530000008642,0.000146999998833,0.0001519999932497,0.0001519999932497,76710
LunchDAO USD,LUNCH-USD,2022-11-29,0.0001519999932497,0.0001539999939268,0.0001449999981559,0.0001530000008642,0.0001530000008642,71163
LunchDAO USD,LUNCH-USD,2022-11-30,0.0001530000008642,0.0001610000035725,0.0001510000001871,0.0001550000015413,0.0001550000015413,69684
LunchDAO USD,LUNCH-USD,2022-12-01,0.0001550000015413,0.0001550000015413,0.0001420000044163,0.0001460000057704,0.0001460000057704,69924
LunchDAO USD,LUNCH-USD,2022-12-02,0.0001460000057704,0.0001500000071246,0.0001409999968018,0.0001500000071246,0.0001500000071246,68244
LunchDAO USD,LUNCH-USD,2022-12-03,0.0001500000071246,0.0001500000071246,0.0001409999968018,0.0001409999968018,0.0001409999968018,70482
LunchDAO USD,LUNCH-USD,2022-12-04,0.0001409999968018,0.0001480000064475,0.0001409999968018,0.0001460000057704,0.0001460000057704,68357
LunchDAO USD,LUNCH-USD,2022-12-05,0.0001460000057704,0.0001519999932497,0.0001420000044163,0.0001440000050934,0.0001440000050934,72361
LunchDAO USD,LUNCH-USD,2022-12-06,0.0001440000050934,0.0001489999995101,0.0001409999968018,0.0001449999981559,0.0001449999981559,76798
LunchDAO USD,LUNCH-USD,2022-12-07,0.0001449999981559,0.0001480000064475,0.0001420000044163,0.0001429999974789,0.0001429999974789,75290
LunchDAO USD,LUNCH-USD,2022-12-08,0.0001429999974789,0.0001559999946039,0.0001409999968018,0.0001530000008642,0.0001530000008642,80238
LunchDAO USD,LUNCH-USD,2022-12-09,0.0001530000008642,0.0001539999939268,0.0001449999981559,0.0001460000057704,0.0001460000057704,67508
LunchDAO USD,LUNCH-USD,2022-12-10,0.0001460000057704,0.0001489999995101,0.0001440000050934,0.0001449999981559,0.0001449999981559,67446
LunchDAO USD,LUNCH-USD,2022-12-11,0.0001449999981559,0.0001489999995101,0.0001389999961247,0.0001429999974789,0.0001429999974789,360409
LunchDAO USD,LUNCH-USD,2022-12-12,0.0001429999974789,0.0001480000064475,0.0001400000037392,0.0001460000057704,0.0001460000057704,79178
LunchDAO USD,LUNCH-USD,2022-12-13,0.0001460000057704,0.0001590000028954,0.0001380000030621,0.0001530000008642,0.0001530000008642,83424
LunchDAO USD,LUNCH-USD,2022-12-14,0.0001530000008642,0.0001559999946039,0.0001449999981559,0.000146999998833,0.000146999998833,75000
LunchDAO USD,LUNCH-USD,2022-12-15,0.000146999998833,0.000146999998833,0.000134000001708,0.0001349999947706,0.0001349999947706,74765
LunchDAO USD,LUNCH-USD,2022-12-16,0.0001349999947706,0.000146999998833,0.000134000001708,0.0001380000030621,0.0001380000030621,78190
LunchDAO USD,LUNCH-USD,2022-12-17,0.0001380000030621,0.0001400000037392,0.0001279999996768,0.0001309999934164,0.0001309999934164,74774
LunchDAO USD,LUNCH-USD,2022-12-18,0.0001309999934164,0.0001320000010309,0.0001250000059371,0.0001259999989997,0.0001259999989997,57451
LunchDAO USD,LUNCH-USD,2022-12-19,0.0001259999989997,0.0001619999966351,0.0001250000059371,0.0001389999961247,0.0001389999961247,95120
LunchDAO USD,LUNCH-USD,2022-12-20,0.0001389999961247,0.0001440000050934,0.0001369999954476,0.0001409999968018,0.0001409999968018,72798
LunchDAO USD,LUNCH-USD,2022-12-21,0.0001409999968018,0.0001409999968018,0.0001320000010309,0.0001329999940935,0.0001329999940935,69002
LunchDAO USD,LUNCH-USD,2022-12-22,0.0001329999940935,0.0001389999961247,0.0001279999996768,0.0001369999954476,0.0001369999954476,74011
LunchDAO USD,LUNCH-USD,2022-12-23,0.0001369999954476,0.0001389999961247,0.000134000001708,0.0001349999947706,0.0001349999947706,73938
LunchDAO USD,LUNCH-USD,2022-12-24,0.0001349999947706,0.0001380000030621,0.0001309999934164,0.0001369999954476,0.0001369999954476,75316
LunchDAO USD,LUNCH-USD,2022-12-25,0.0001369999954476,0.0001380000030621,0.0001289999927394,0.0001349999947706,0.0001349999947706,74589
LunchDAO USD,LUNCH-USD,2022-12-26,0.0001349999947706,0.0001360000023851,0.0001309999934164,0.000134000001708,0.000134000001708,72337
LunchDAO USD,LUNCH-USD,2022-12-27,0.000134000001708,0.0001380000030621,0.0001320000010309,0.0001349999947706,0.0001349999947706,73639
LunchDAO USD,LUNCH-USD,2022-12-28,0.0001349999947706,0.0001349999947706,0.0001239999983226,0.0001259999989997,0.0001259999989997,76839
LunchDAO USD,LUNCH-USD,2022-12-29,0.0001259999989997,0.0001279999996768,0.0001199999969685,0.0001230000052601,0.0001230000052601,73534
LunchDAO USD,LUNCH-USD,2022-12-30,0.0001230000052601,0.0001300000003539,0.000120999997307,0.0001230000052601,0.0001230000052601,75775
LunchDAO USD,LUNCH-USD,2022-12-31,0.0001230000052601,0.0001270000066142,0.0001219999976456,0.0001239999983226,0.0001239999983226,75527
LunchDAO USD,LUNCH-USD,2023-01-01,0.0001239999983226,0.0001289999927394,0.0001230000052601,0.0001270000066142,0.0001270000066142,73585
LunchDAO USD,LUNCH-USD,2023-01-02,0.0001270000066142,0.0001300000003539,0.0001259999989997,0.0001289999927394,0.0001289999927394,72315
LunchDAO USD,LUNCH-USD,2023-01-03,0.0001289999927394,0.0001309999934164,0.0001259999989997,0.0001270000066142,0.0001270000066142,73192
LunchDAO USD,LUNCH-USD,2023-01-04,0.0001270000066142,0.0001380000030621,0.0001270000066142,0.0001369999954476,0.0001369999954476,76460
LunchDAO USD,LUNCH-USD,2023-01-05,0.0001369999954476,0.0001369999954476,0.0001309999934164,0.0001309999934164,0.0001309999934164,73687
LunchDAO USD,LUNCH-USD,2023-01-06,0.0001309999934164,0.0001320000010309,0.0001250000059371,0.0001279999996768,0.0001279999996768,73515
LunchDAO USD,LUNCH-USD,2023-01-07,0.0001279999996768,0.0001279999996768,0.000120999997307,0.0001239999983226,0.0001239999983226,73280
LunchDAO USD,LUNCH-USD,2023-01-08,0.0001239999983226,0.0001270000066142,0.0001219999976456,0.0001239999983226,0.0001239999983226,73839
LunchDAO USD,LUNCH-USD,2023-01-09,0.0001239999983226,0.0001389999961247,0.0001230000052601,0.0001360000023851,0.0001360000023851,80300
LunchDAO USD,LUNCH-USD,2023-01-10,0.0001360000023851,0.0001420000044163,0.000134000001708,0.0001349999947706,0.0001349999947706,83493
LunchDAO USD,LUNCH-USD,2023-01-11,0.0001349999947706,0.0001349999947706,0.0001219999976456,0.0001349999947706,0.0001349999947706,75865
LunchDAO USD,LUNCH-USD,2023-01-12,0.0001369999954476,0.0001489999995101,0.000134000001708,0.0001460000057704,0.0001460000057704,82259
LunchDAO USD,LUNCH-USD,2023-01-13,0.0001460000057704,0.0001460000057704,0.0001369999954476,0.0001389999961247,0.0001389999961247,79200
LunchDAO USD,LUNCH-USD,2023-01-14,0.0001389999961247,0.0001500000071246,0.0001389999961247,0.0001429999974789,0.0001429999974789,76825
LunchDAO USD,LUNCH-USD,2023-01-15,0.0001429999974789,0.0001429999974789,0.0001329999940935,0.0001420000044163,0.0001420000044163,77569
LunchDAO USD,LUNCH-USD,2023-01-16,0.0001420000044163,0.0001449999981559,0.0001360000023851,0.0001380000030621,0.0001380000030621,76285
LunchDAO USD,LUNCH-USD,2023-01-17,0.0001380000030621,0.0001429999974789,0.0001360000023851,0.0001429999974789,0.0001429999974789,75445
LunchDAO USD,LUNCH-USD,2023-01-18,0.0001429999974789,0.0001500000071246,0.0001320000010309,0.0001329999940935,0.0001329999940935,75584
LunchDAO USD,LUNCH-USD,2023-01-19,0.0001329999940935,0.0001420000044163,0.0001320000010309,0.0001389999961247,0.0001389999961247,76012
LunchDAO USD,LUNCH-USD,2023-01-20,0.0001389999961247,0.000146999998833,0.0001380000030621,0.000146999998833,0.000146999998833,77309
LunchDAO USD,LUNCH-USD,2023-01-21,0.000146999998833,0.0001550000015413,0.0001409999968018,0.0001489999995101,0.0001489999995101,79804
LunchDAO USD,LUNCH-USD,2023-01-22,0.0001489999995101,0.0001500000071246,0.0001449999981559,0.000146999998833,0.000146999998833,75887
LunchDAO USD,LUNCH-USD,2023-01-23,0.000146999998833,0.0001480000064475,0.0001380000030621,0.0001440000050934,0.0001440000050934,75552
LunchDAO USD,LUNCH-USD,2023-01-24,0.0001440000050934,0.0001449999981559,0.0001360000023851,0.0001369999954476,0.0001369999954476,73838
LunchDAO USD,LUNCH-USD,2023-01-25,0.0001369999954476,0.0001400000037392,0.0001309999934164,0.0001320000010309,0.0001320000010309,74373
LunchDAO USD,LUNCH-USD,2023-01-26,0.0001320000010309,0.0001400000037392,0.0001309999934164,0.0001369999954476,0.0001369999954476,73982
LunchDAO USD,LUNCH-USD,2023-01-27,0.0001369999954476,0.0001369999954476,0.0001320000010309,0.0001349999947706,0.0001349999947706,75438
LunchDAO USD,LUNCH-USD,2023-01-28,0.0001349999947706,0.0001380000030621,0.0001270000066142,0.0001369999954476,0.0001369999954476,108499
LunchDAO USD,LUNCH-USD,2023-01-29,0.0001369999954476,0.0001409999968018,0.0001239999983226,0.0001400000037392,0.0001400000037392,79741
LunchDAO USD,LUNCH-USD,2023-01-30,0.0001400000037392,0.0001400000037392,0.0001160000028903,0.0001180000035674,0.0001180000035674,75543
LunchDAO USD,LUNCH-USD,2023-01-31,0.0001180000035674,0.0001309999934164,0.0001170000032288,0.0001309999934164,0.0001309999934164,75041
LunchDAO USD,LUNCH-USD,2023-02-01,0.0001309999934164,0.0001360000023851,0.0001230000052601,0.0001230000052601,0.0001230000052601,74959
LunchDAO USD,LUNCH-USD,2023-02-02,0.0001230000052601,0.0001369999954476,0.0001219999976456,0.0001320000010309,0.0001320000010309,75031
LunchDAO USD,LUNCH-USD,2023-02-03,0.0001320000010309,0.0001349999947706,0.0001250000059371,0.0001309999934164,0.0001309999934164,76737
LunchDAO USD,LUNCH-USD,2023-02-04,0.0001309999934164,0.0001409999968018,0.0001279999996768,0.000134000001708,0.000134000001708,79492
LunchDAO USD,LUNCH-USD,2023-02-05,0.000134000001708,0.0001349999947706,0.0001300000003539,0.0001309999934164,0.0001309999934164,77592
LunchDAO USD,LUNCH-USD,2023-02-06,0.0001309999934164,0.0001320000010309,0.000120999997307,0.0001230000052601,0.0001230000052601,73346
LunchDAO USD,LUNCH-USD,2023-02-07,0.0001230000052601,0.0001309999934164,0.0001199999969685,0.0001289999927394,0.0001289999927394,79802
LunchDAO USD,LUNCH-USD,2023-02-08,0.0001300000003539,0.0001309999934164,0.0001259999989997,0.0001270000066142,0.0001270000066142,74973
LunchDAO USD,LUNCH-USD,2023-02-09,0.0001270000066142,0.0001270000066142,0.0001230000052601,0.0001239999983226,0.0001239999983226,70615
LunchDAO USD,LUNCH-USD,2023-02-10,0.0001239999983226,0.0002019999956246,0.0001230000052601,0.0001380000030621,0.0001380000030621,133223
LunchDAO USD,LUNCH-USD,2023-02-11,0.0001380000030621,0.0001389999961247,0.0001309999934164,0.0001329999940935,0.0001329999940935,81241
LunchDAO USD,LUNCH-USD,2023-02-12,0.0001329999940935,0.0001329999940935,0.0001219999976456,0.0001250000059371,0.0001250000059371,76819
LunchDAO USD,LUNCH-USD,2023-02-13,0.0001250000059371,0.0001289999927394,0.0001230000052601,0.0001270000066142,0.0001270000066142,77870
LunchDAO USD,LUNCH-USD,2023-02-14,0.0001270000066142,0.0001279999996768,0.000120999997307,0.0001239999983226,0.0001239999983226,75309
LunchDAO USD,LUNCH-USD,2023-02-15,0.0001239999983226,0.0001389999961247,0.0001219999976456,0.0001389999961247,0.0001389999961247,77237
LunchDAO USD,LUNCH-USD,2023-02-16,0.0001389999961247,0.0001440000050934,0.0001289999927394,0.0001289999927394,0.0001289999927394,78190
LunchDAO USD,LUNCH-USD,2023-02-17,0.0001289999927394,0.000213999999687,0.0001279999996768,0.0001570000022184,0.0001570000022184,141347
LunchDAO USD,LUNCH-USD,2023-02-18,0.0001579999952809,0.0001579999952809,0.0001440000050934,0.0001510000001871,0.0001510000001871,93118
LunchDAO USD,LUNCH-USD,2023-02-19,0.0001510000001871,0.0001530000008642,0.0001389999961247,0.0001400000037392,0.0001400000037392,76477
LunchDAO USD,LUNCH-USD,2023-02-20,0.0001400000037392,0.0001420000044163,0.0001309999934164,0.0001320000010309,0.0001320000010309,77202
LunchDAO USD,LUNCH-USD,2023-02-21,0.0001320000010309,0.0001369999954476,0.0001309999934164,0.0001349999947706,0.0001349999947706,77911
LunchDAO USD,LUNCH-USD,2023-02-22,0.0001349999947706,0.0001349999947706,0.0001289999927394,0.0001320000010309,0.0001320000010309,77760
LunchDAO USD,LUNCH-USD,2023-02-23,0.0001320000010309,0.0001380000030621,0.0001279999996768,0.0001289999927394,0.0001289999927394,75353
LunchDAO USD,LUNCH-USD,2023-02-24,0.0001289999927394,0.0001309999934164,0.0001239999983226,0.0001289999927394,0.0001289999927394,76305
LunchDAO USD,LUNCH-USD,2023-02-25,0.0001279999996768,0.0001309999934164,0.0001239999983226,0.0001279999996768,0.0001279999996768,75446
LunchDAO USD,LUNCH-USD,2023-02-26,0.0001279999996768,0.0001300000003539,0.0001259999989997,0.0001300000003539,0.0001300000003539,76246
LunchDAO USD,LUNCH-USD,2023-02-27,0.0001300000003539,0.0001389999961247,0.0001279999996768,0.000134000001708,0.000134000001708,76551
LunchDAO USD,LUNCH-USD,2023-02-28,0.000134000001708,0.0001380000030621,0.0001300000003539,0.0001320000010309,0.0001320000010309,82940
LunchDAO USD,LUNCH-USD,2023-03-01,0.0001320000010309,0.0001389999961247,0.0001320000010309,0.0001369999954476,0.0001369999954476,74255
LunchDAO USD,LUNCH-USD,2023-03-02,0.0001369999954476,0.0001369999954476,0.0001270000066142,0.0001289999927394,0.0001289999927394,79814
LunchDAO USD,LUNCH-USD,2023-03-03,0.0001289999927394,0.0001300000003539,0.000120999997307,0.0001239999983226,0.0001239999983226,72702
LunchDAO USD,LUNCH-USD,2023-03-04,0.0001239999983226,0.0001259999989997,0.0001219999976456,0.0001250000059371,0.0001250000059371,73065
LunchDAO USD,LUNCH-USD,2023-03-05,0.0001250000059371,0.0001270000066142,0.0001180000035674,0.0001219999976456,0.0001219999976456,71963
LunchDAO USD,LUNCH-USD,2023-03-06,0.0001219999976456,0.0001230000052601,0.000120999997307,0.0001219999976456,0.0001219999976456,72611
LunchDAO USD,LUNCH-USD,2023-03-07,0.0001219999976456,0.0002079999976558,0.0001199999969685,0.0001300000003539,0.0001300000003539,146529
LunchDAO USD,LUNCH-USD,2023-03-08,0.0001300000003539,0.0001300000003539,0.0001270000066142,0.0001270000066142,0.0001270000066142,74091
LunchDAO USD,LUNCH-USD,2023-03-09,0.0001270000066142,0.0001309999934164,0.00011899999663,0.0001199999969685,0.0001199999969685,72254
LunchDAO USD,LUNCH-USD,2023-03-10,0.0001199999969685,0.0001250000059371,0.0001150000025518,0.0001199999969685,0.0001199999969685,71847
LunchDAO USD,LUNCH-USD,2023-03-11,0.0001199999969685,0.0001270000066142,0.00011899999663,0.0001230000052601,0.0001230000052601,73343
LunchDAO USD,LUNCH-USD,2023-03-12,0.0001230000052601,0.0001389999961247,0.000120999997307,0.0001380000030621,0.0001380000030621,82029
LunchDAO USD,LUNCH-USD,2023-03-13,0.0001380000030621,0.0001429999974789,0.0001360000023851,0.0001420000044163,0.0001420000044163,74622
LunchDAO USD,LUNCH-USD,2023-03-14,0.0001420000044163,0.0001440000050934,0.0001309999934164,0.000134000001708,0.000134000001708,74108
LunchDAO USD,LUNCH-USD,2023-03-15,0.000134000001708,0.0001380000030621,0.0001289999927394,0.0001300000003539,0.0001300000003539,71016
LunchDAO USD,LUNCH-USD,2023-03-16,0.0001300000003539,0.0001349999947706,0.0001259999989997,0.0001329999940935,0.0001329999940935,69061
LunchDAO USD,LUNCH-USD,2023-03-17,0.0001329999940935,0.000134000001708,0.0001259999989997,0.0001279999996768,0.0001279999996768,66707
LunchDAO USD,LUNCH-USD,2023-03-18,0.0001279999996768,0.0001380000030621,0.0001270000066142,0.0001329999940935,0.0001329999940935,67958
LunchDAO USD,LUNCH-USD,2023-03-19,0.0001329999940935,0.0001329999940935,0.0001289999927394,0.0001309999934164,0.0001309999934164,67522
LunchDAO USD,LUNCH-USD,2023-03-20,0.0001309999934164,0.0001329999940935,0.0001259999989997,0.0001270000066142,0.0001270000066142,72662
LunchDAO USD,LUNCH-USD,2023-03-21,0.0001270000066142,0.0001369999954476,0.0001270000066142,0.0001349999947706,0.0001349999947706,70489
LunchDAO USD,LUNCH-USD,2023-03-22,0.0001349999947706,0.0001349999947706,0.0001289999927394,0.0001300000003539,0.0001300000003539,67288
LunchDAO USD,LUNCH-USD,2023-03-23,0.0001300000003539,0.0001329999940935,0.0001289999927394,0.0001309999934164,0.0001309999934164,61341
LunchDAO USD,LUNCH-USD,2023-03-24,0.0001309999934164,0.000134000001708,0.0001279999996768,0.0001300000003539,0.0001300000003539,63952
LunchDAO USD,LUNCH-USD,2023-03-25,0.0001300000003539,0.0001380000030621,0.0001279999996768,0.000134000001708,0.000134000001708,70338
LunchDAO USD,LUNCH-USD,2023-03-26,0.000134000001708,0.0001369999954476,0.0001309999934164,0.0001349999947706,0.0001349999947706,64091
LunchDAO USD,LUNCH-USD,2023-03-27,0.0001349999947706,0.0001349999947706,0.0001270000066142,0.0001309999934164,0.0001309999934164,53613
LunchDAO USD,LUNCH-USD,2023-03-28,0.0001309999934164,0.0001320000010309,0.0001270000066142,0.0001309999934164,0.0001309999934164,52041
LunchDAO USD,LUNCH-USD,2023-03-29,0.0001309999934164,0.0001320000010309,0.0001279999996768,0.0001320000010309,0.0001320000010309,64153
LunchDAO USD,LUNCH-USD,2023-03-30,0.0001320000010309,0.0001349999947706,0.0001300000003539,0.0001309999934164,0.0001309999934164,66017
LunchDAO USD,LUNCH-USD,2023-03-31,0.0001309999934164,0.0001409999968018,0.0001270000066142,0.0001369999954476,0.0001369999954476,59425
LunchDAO USD,LUNCH-USD,2023-04-01,0.0001369999954476,0.0001389999961247,0.0001300000003539,0.0001329999940935,0.0001329999940935,57985
LunchDAO USD,LUNCH-USD,2023-04-02,0.0001349999947706,0.0001349999947706,0.0001309999934164,0.0001320000010309,0.0001320000010309,57016
LunchDAO USD,LUNCH-USD,2023-04-03,0.0001320000010309,0.0001320000010309,0.0001279999996768,0.0001309999934164,0.0001309999934164,66038
LunchDAO USD,LUNCH-USD,2023-04-04,0.0001309999934164,0.0001320000010309,0.0001279999996768,0.0001300000003539,0.0001300000003539,63225
LunchDAO USD,LUNCH-USD,2023-04-05,0.0001300000003539,0.0001400000037392,0.0001289999927394,0.0001380000030621,0.0001380000030621,67882
LunchDAO USD,LUNCH-USD,2023-04-06,0.0001380000030621,0.0001380000030621,0.0001289999927394,0.0001329999940935,0.0001329999940935,60811
LunchDAO USD,LUNCH-USD,2023-04-07,0.0001329999940935,0.000134000001708,0.0001289999927394,0.0001300000003539,0.0001300000003539,68041
LunchDAO USD,LUNCH-USD,2023-04-08,0.0001300000003539,0.0001320000010309,0.0001239999983226,0.0001279999996768,0.0001279999996768,63555
LunchDAO USD,LUNCH-USD,2023-04-09,0.0001279999996768,0.0001320000010309,0.0001279999996768,0.0001300000003539,0.0001300000003539,61764
LunchDAO USD,LUNCH-USD,2023-04-10,0.0001300000003539,0.0001349999947706,0.0001279999996768,0.000134000001708,0.000134000001708,68476
LunchDAO USD,LUNCH-USD,2023-04-11,0.000134000001708,0.000134000001708,0.0001300000003539,0.0001320000010309,0.0001320000010309,68247
LunchDAO USD,LUNCH-USD,2023-04-12,0.0001320000010309,0.0001420000044163,0.0001300000003539,0.0001389999961247,0.0001389999961247,70142
LunchDAO USD,LUNCH-USD,2023-04-13,0.0001389999961247,0.0001409999968018,0.0001360000023851,0.0001389999961247,0.0001389999961247,66041
LunchDAO USD,LUNCH-USD,2023-04-14,0.0001389999961247,0.0001429999974789,0.0001360000023851,0.0001420000044163,0.0001420000044163,60477
LunchDAO USD,LUNCH-USD,2023-04-15,0.0001420000044163,0.0001740000006975,0.0001409999968018,0.0001500000071246,0.0001500000071246,121293
LunchDAO USD,LUNCH-USD,2023-04-16,0.0001500000071246,0.0001539999939268,0.0001389999961247,0.0001400000037392,0.0001400000037392,66643
LunchDAO USD,LUNCH-USD,2023-04-17,0.0001400000037392,0.0001420000044163,0.0001380000030621,0.0001409999968018,0.0001409999968018,68218
LunchDAO USD,LUNCH-USD,2023-04-18,0.0001409999968018,0.0001409999968018,0.0001349999947706,0.0001380000030621,0.0001380000030621,63006
LunchDAO USD,LUNCH-USD,2023-04-19,0.0001380000030621,0.0001389999961247,0.0001349999947706,0.0001369999954476,0.0001369999954476,63482
LunchDAO USD,LUNCH-USD,2023-04-20,0.0001369999954476,0.0001409999968018,0.0001349999947706,0.0001369999954476,0.0001369999954476,68780
LunchDAO USD,LUNCH-USD,2023-04-21,0.0001369999954476,0.0001389999961247,0.000134000001708,0.0001360000023851,0.0001360000023851,68815
LunchDAO USD,LUNCH-USD,2023-04-22,0.0001360000023851,0.0001369999954476,0.0001270000066142,0.0001309999934164,0.0001309999934164,67239
LunchDAO USD,LUNCH-USD,2023-04-23,0.0001309999934164,0.0001309999934164,0.0001259999989997,0.0001279999996768,0.0001279999996768,68366
LunchDAO USD,LUNCH-USD,2023-04-24,0.0001279999996768,0.0001300000003539,0.0001239999983226,0.0001239999983226,0.0001239999983226,68448
LunchDAO USD,LUNCH-USD,2023-04-25,0.0001239999983226,0.0001250000059371,0.00011899999663,0.0001199999969685,0.0001199999969685,65229
LunchDAO USD,LUNCH-USD,2023-04-26,0.0001199999969685,0.000134000001708,0.0001150000025518,0.0001279999996768,0.0001279999996768,68370
LunchDAO USD,LUNCH-USD,2023-04-27,0.0001279999996768,0.0001329999940935,0.0001239999983226,0.0001300000003539,0.0001300000003539,65157
LunchDAO USD,LUNCH-USD,2023-04-28,0.0001300000003539,0.0001300000003539,0.0001259999989997,0.0001279999996768,0.0001279999996768,63986
LunchDAO USD,LUNCH-USD,2023-04-29,0.0001279999996768,0.0001289999927394,0.0001239999983226,0.0001250000059371,0.0001250000059371,60810
LunchDAO USD,LUNCH-USD,2023-04-30,0.0001250000059371,0.0002570000069681,0.000120999997307,0.00021199999901,0.00021199999901,245553
LunchDAO USD,LUNCH-USD,2023-05-01,0.0002149999927496,0.0003779999969992,0.0002059999969787,0.0002209999947808,0.0002209999947808,607148
LunchDAO USD,LUNCH-USD,2023-05-02,0.0002209999947808,0.0002220000023953,0.000188000005437,0.0001900000061141,0.0001900000061141,115581
LunchDAO USD,LUNCH-USD,2023-05-03,0.0001889999984996,0.0003389999910723,0.0001639999973122,0.0001900000061141,0.0001900000061141,197096
LunchDAO USD,LUNCH-USD,2023-05-04,0.0001900000061141,0.0001929999998537,0.0001860000047599,0.0001869999978225,0.0001869999978225,84512
LunchDAO USD,LUNCH-USD,2023-05-05,0.0001869999978225,0.0001869999978225,0.0001610000035725,0.0001699999993434,0.0001699999993434,82796
LunchDAO USD,LUNCH-USD,2023-05-06,0.0001699999993434,0.0001699999993434,0.0001489999995101,0.0001539999939268,0.0001539999939268,66643
LunchDAO USD,LUNCH-USD,2023-05-07,0.0001539999939268,0.0001619999966351,0.0001449999981559,0.0001510000001871,0.0001510000001871,97641
LunchDAO USD,LUNCH-USD,2023-05-08,0.0001510000001871,0.0001510000001871,0.0001389999961247,0.0001409999968018,0.0001409999968018,72238
LunchDAO USD,LUNCH-USD,2023-05-09,0.0001409999968018,0.0001610000035725,0.0001239999983226,0.0001300000003539,0.0001300000003539,77364
LunchDAO USD,LUNCH-USD,2023-05-10,0.0001300000003539,0.0001360000023851,0.0001279999996768,0.0001289999927394,0.0001289999927394,51728
LunchDAO USD,LUNCH-USD,2023-05-11,0.0001289999927394,0.0001369999954476,0.0001289999927394,0.0001360000023851,0.0001360000023851,54509
LunchDAO USD,LUNCH-USD,2023-05-12,0.0001360000023851,0.0001380000030621,0.0001199999969685,0.0001380000030621,0.0001380000030621,49825
LunchDAO USD,LUNCH-USD,2023-05-13,0.0001380000030621,0.0001380000030621,0.000134000001708,0.0001360000023851,0.0001360000023851,50537
LunchDAO USD,LUNCH-USD,2023-05-14,0.0001360000023851,0.0001360000023851,0.0001289999927394,0.0001349999947706,0.0001349999947706,45602
LunchDAO USD,LUNCH-USD,2023-05-15,0.0001349999947706,0.0001369999954476,0.0001320000010309,0.0001320000010309,0.0001320000010309,48136
LunchDAO USD,LUNCH-USD,2023-05-16,0.0001320000010309,0.0001409999968018,0.0001320000010309,0.0001400000037392,0.0001400000037392,49396
LunchDAO USD,LUNCH-USD,2023-05-17,0.0001400000037392,0.00021199999901,0.0001320000010309,0.0001440000050934,0.0001440000050934,118678
LunchDAO USD,LUNCH-USD,2023-05-18,0.0001440000050934,0.0001440000050934,0.000134000001708,0.0001360000023851,0.0001360000023851,61561
LunchDAO USD,LUNCH-USD,2023-05-19,0.0001360000023851,0.0001369999954476,0.0001279999996768,0.0001300000003539,0.0001300000003539,55210
LunchDAO USD,LUNCH-USD,2023-05-20,0.0001300000003539,0.0001360000023851,0.0001270000066142,0.0001300000003539,0.0001300000003539,51575
LunchDAO USD,LUNCH-USD,2023-05-21,0.0001300000003539,0.0001360000023851,0.0001289999927394,0.0001360000023851,0.0001360000023851,56623
LunchDAO USD,LUNCH-USD,2023-05-22,0.0001349999947706,0.0001389999961247,0.0001300000003539,0.0001389999961247,0.0001389999961247,67752
LunchDAO USD,LUNCH-USD,2023-05-23,0.0001389999961247,0.0001409999968018,0.0001360000023851,0.0001380000030621,0.0001380000030621,55447
LunchDAO USD,LUNCH-USD,2023-05-24,0.0001380000030621,0.0001380000030621,0.0001279999996768,0.0001309999934164,0.0001309999934164,53107
LunchDAO USD,LUNCH-USD,2023-05-25,0.0001309999934164,0.0001349999947706,0.0001289999927394,0.0001349999947706,0.0001349999947706,51140
LunchDAO USD,LUNCH-USD,2023-05-26,0.0001349999947706,0.0001429999974789,0.0001309999934164,0.0001429999974789,0.0001429999974789,58280
LunchDAO USD,LUNCH-USD,2023-05-27,0.0001429999974789,0.0001550000015413,0.0001420000044163,0.0001489999995101,0.0001489999995101,50263
LunchDAO USD,LUNCH-USD,2023-05-28,0.0001489999995101,0.0001570000022184,0.0001400000037392,0.0001409999968018,0.0001409999968018,52833
LunchDAO USD,LUNCH-USD,2023-05-29,0.0001409999968018,0.0001480000064475,0.0001389999961247,0.000146999998833,0.000146999998833,51437
LunchDAO USD,LUNCH-USD,2023-05-30,0.000146999998833,0.000146999998833,0.0001400000037392,0.0001409999968018,0.0001409999968018,48210
LunchDAO USD,LUNCH-USD,2023-05-31,0.0001409999968018,0.0001409999968018,0.0001309999934164,0.0001329999940935,0.0001329999940935,49196
LunchDAO USD,LUNCH-USD,2023-06-01,0.0001329999940935,0.0001349999947706,0.0001309999934164,0.0001309999934164,0.0001309999934164,48427
LunchDAO USD,LUNCH-USD,2023-06-02,0.0001309999934164,0.0001349999947706,0.0001300000003539,0.0001349999947706,0.0001349999947706,45522
LunchDAO USD,LUNCH-USD,2023-06-03,0.0001349999947706,0.0001349999947706,0.0001309999934164,0.0001349999947706,0.0001349999947706,50499
LunchDAO USD,LUNCH-USD,2023-06-04,0.0001349999947706,0.0001360000023851,0.0001320000010309,0.000134000001708,0.000134000001708,48636
LunchDAO USD,LUNCH-USD,2023-06-05,0.000134000001708,0.0001360000023851,0.0001250000059371,0.0001259999989997,0.0001259999989997,47277
LunchDAO USD,LUNCH-USD,2023-06-06,0.0001259999989997,0.0001329999940935,0.0001259999989997,0.0001329999940935,0.0001329999940935,48015
LunchDAO USD,LUNCH-USD,2023-06-07,0.0001329999940935,0.0001329999940935,0.0001230000052601,0.0001259999989997,0.0001259999989997,47087
LunchDAO USD,LUNCH-USD,2023-06-08,0.0001259999989997,0.0001289999927394,0.0001250000059371,0.0001279999996768,0.0001279999996768,49661
LunchDAO USD,LUNCH-USD,2023-06-09,0.0001279999996768,0.0001279999996768,0.000120999997307,0.000120999997307,0.000120999997307,50769
LunchDAO USD,LUNCH-USD,2023-06-10,0.000120999997307,0.0001259999989997,0.0001090000005206,0.0001150000025518,0.0001150000025518,48312
LunchDAO USD,LUNCH-USD,2023-06-11,0.0001150000025518,0.0001150000025518,0.0001120000015362,0.0001120000015362,0.0001120000015362,47285
LunchDAO USD,LUNCH-USD,2023-06-12,0.0001120000015362,0.0001160000028903,0.0001100000008591,0.0001110000011976,0.0001110000011976,46710
LunchDAO USD,LUNCH-USD,2023-06-13,0.0001110000011976,0.0001160000028903,0.0001100000008591,0.0001150000025518,0.0001150000025518,50441
LunchDAO USD,LUNCH-USD,2023-06-14,0.0001150000025518,0.0001160000028903,0.0001069999998435,0.0001069999998435,0.0001069999998435,47639
LunchDAO USD,LUNCH-USD,2023-06-15,0.0001069999998435,0.000120999997307,0.000105999999505,0.0001130000018747,0.0001130000018747,54858
LunchDAO USD,LUNCH-USD,2023-06-16,0.0001130000018747,0.0001160000028903,0.0001090000005206,0.0001150000025518,0.0001150000025518,49828
LunchDAO USD,LUNCH-USD,2023-06-17,0.0001150000025518,0.0001180000035674,0.0001100000008591,0.0001100000008591,0.0001100000008591,48916
LunchDAO USD,LUNCH-USD,2023-06-18,0.0001110000011976,0.0001120000015362,0.000108000000182,0.0001110000011976,0.0001110000011976,47976
LunchDAO USD,LUNCH-USD,2023-06-19,0.0001110000011976,0.0001140000022132,0.0001090000005206,0.0001090000005206,0.0001090000005206,46990
LunchDAO USD,LUNCH-USD,2023-06-20,0.0001090000005206,0.0001170000032288,0.000108000000182,0.0001130000018747,0.0001130000018747,49421
LunchDAO USD,LUNCH-USD,2023-06-21,0.0001130000018747,0.0001219999976456,0.0001100000008591,0.0001219999976456,0.0001219999976456,49875
LunchDAO USD,LUNCH-USD,2023-06-22,0.0001219999976456,0.0001239999983226,0.0001110000011976,0.0001160000028903,0.0001160000028903,47219
LunchDAO USD,LUNCH-USD,2023-06-23,0.0001160000028903,0.0001170000032288,0.000108000000182,0.0001100000008591,0.0001100000008591,47946
LunchDAO USD,LUNCH-USD,2023-06-24,0.0001100000008591,0.0001150000025518,0.0001069999998435,0.0001130000018747,0.0001130000018747,50223
LunchDAO USD,LUNCH-USD,2023-06-25,0.0001130000018747,0.0001150000025518,0.0001090000005206,0.0001140000022132,0.0001140000022132,53496
LunchDAO USD,LUNCH-USD,2023-06-26,0.0001140000022132,0.0001199999969685,0.0001120000015362,0.0001170000032288,0.0001170000032288,50313
LunchDAO USD,LUNCH-USD,2023-06-27,0.0001170000032288,0.0001170000032288,0.000108000000182,0.0001120000015362,0.0001120000015362,49329
LunchDAO USD,LUNCH-USD,2023-06-28,0.0001120000015362,0.0001180000035674,0.0001100000008591,0.0001150000025518,0.0001150000025518,48001
LunchDAO USD,LUNCH-USD,2023-06-29,0.0001150000025518,0.0001150000025518,0.000105999999505,0.000108000000182,0.000108000000182,48547
LunchDAO USD,LUNCH-USD,2023-06-30,0.000108000000182,0.0001110000011976,0.0001069999998435,0.0001100000008591,0.0001100000008591,48319
LunchDAO USD,LUNCH-USD,2023-07-01,0.0001100000008591,0.0001199999969685,0.0001100000008591,0.0001180000035674,0.0001180000035674,46946
LunchDAO USD,LUNCH-USD,2023-07-02,0.0001180000035674,0.0001180000035674,0.000108000000182,0.0001180000035674,0.0001180000035674,51982
LunchDAO USD,LUNCH-USD,2023-07-03,0.0001180000035674,0.0001199999969685,0.0001110000011976,0.0001120000015362,0.0001120000015362,47561
LunchDAO USD,LUNCH-USD,2023-07-04,0.0001120000015362,0.0001150000025518,0.0001100000008591,0.0001130000018747,0.0001130000018747,49467
LunchDAO USD,LUNCH-USD,2023-07-05,0.0001130000018747,0.00011899999663,0.0001120000015362,0.0001140000022132,0.0001140000022132,72577
LunchDAO USD,LUNCH-USD,2023-07-06,0.0001140000022132,0.0001140000022132,0.0001110000011976,0.0001110000011976,0.0001110000011976,55579
LunchDAO USD,LUNCH-USD,2023-07-07,0.0001110000011976,0.0001140000022132,0.0001100000008591,0.0001130000018747,0.0001130000018747,56622
LunchDAO USD,LUNCH-USD,2023-07-08,0.0001130000018747,0.0001160000028903,0.0001110000011976,0.0001140000022132,0.0001140000022132,48104
LunchDAO USD,LUNCH-USD,2023-07-09,0.0001140000022132,0.0001160000028903,0.0001120000015362,0.0001140000022132,0.0001140000022132,52375
LunchDAO USD,LUNCH-USD,2023-07-10,0.0001130000018747,0.0001160000028903,0.0001120000015362,0.0001140000022132,0.0001140000022132,48275
LunchDAO USD,LUNCH-USD,2023-07-11,0.0001140000022132,0.0001140000022132,0.0001130000018747,0.0001130000018747,0.0001130000018747,48551
LunchDAO USD,LUNCH-USD,2023-07-12,0.0001130000018747,0.0001140000022132,0.0001090000005206,0.0001100000008591,0.0001100000008591,46807
LunchDAO USD,LUNCH-USD,2023-07-13,0.0001100000008591,0.0001140000022132,0.0001090000005206,0.0001130000018747,0.0001130000018747,49711
LunchDAO USD,LUNCH-USD,2023-07-14,0.0001130000018747,0.0001150000025518,0.0001100000008591,0.0001110000011976,0.0001110000011976,48218
LunchDAO USD,LUNCH-USD,2023-07-15,0.0001110000011976,0.0001140000022132,0.0001100000008591,0.0001130000018747,0.0001130000018747,48816
LunchDAO USD,LUNCH-USD,2023-07-16,0.0001130000018747,0.0001130000018747,0.0001100000008591,0.0001110000011976,0.0001110000011976,48543
LunchDAO USD,LUNCH-USD,2023-07-17,0.0001110000011976,0.0001150000025518,0.000108000000182,0.0001140000022132,0.0001140000022132,50620
LunchDAO USD,LUNCH-USD,2023-07-18,0.0001140000022132,0.0001140000022132,0.0001090000005206,0.0001100000008591,0.0001100000008591,48623
LunchDAO USD,LUNCH-USD,2023-07-19,0.0001100000008591,0.0001140000022132,0.0001090000005206,0.0001100000008591,0.0001100000008591,48701
LunchDAO USD,LUNCH-USD,2023-07-20,0.0001100000008591,0.00011899999663,0.0001100000008591,0.0001110000011976,0.0001110000011976,50055
LunchDAO USD,LUNCH-USD,2023-07-21,0.0001110000011976,0.0001140000022132,0.000105999999505,0.000105999999505,0.000105999999505,48001
LunchDAO USD,LUNCH-USD,2023-07-22,0.000105999999505,0.0001090000005206,0.0001049999991664,0.0001069999998435,0.0001069999998435,29545
LunchDAO USD,LUNCH-USD,2023-07-23,0.000105999999505,0.0001069999998435,0.0001039999988279,0.0001049999991664,0.0001049999991664,27442
LunchDAO USD,LUNCH-USD,2023-07-24,0.0001049999991664,0.000105999999505,0.0001019999981508,0.0001019999981508,0.0001019999981508,28171
LunchDAO USD,LUNCH-USD,2023-07-25,0.0001019999981508,0.0001029999984893,0.0001009999978123,0.0001019999981508,0.0001019999981508,29090
LunchDAO USD,LUNCH-USD,2023-07-26,0.0001019999981508,0.0001019999981508,9.7999996796716e-05,9.999999747378752e-05,9.999999747378752e-05,29491
LunchDAO USD,LUNCH-USD,2023-07-27,9.999999747378752e-05,9.999999747378752e-05,9.899999713525176e-05,9.999999747378752e-05,9.999999747378752e-05,29219
LunchDAO USD,LUNCH-USD,2023-07-28,9.999999747378752e-05,0.000105999999505,9.899999713525176e-05,0.000105999999505,0.000105999999505,30165
LunchDAO USD,LUNCH-USD,2023-07-29,0.0001120000015362,0.0001219999976456,9.699999645818024e-05,0.0001019999981508,0.0001019999981508,37309
LunchDAO USD,LUNCH-USD,2023-07-30,0.0001019999981508,0.0001590000028954,0.0001009999978123,0.0001219999976456,0.0001219999976456,76349
LunchDAO USD,LUNCH-USD,2023-07-31,0.0001219999976456,0.0001270000066142,0.0001130000018747,0.0001180000035674,0.0001180000035674,41732
LunchDAO USD,LUNCH-USD,2023-08-01,0.0001170000032288,0.0001180000035674,0.000108000000182,0.0001110000011976,0.0001110000011976,30852
LunchDAO USD,LUNCH-USD,2023-08-02,0.0001110000011976,0.0001110000011976,0.0001019999981508,0.000105999999505,0.000105999999505,29900
LunchDAO USD,LUNCH-USD,2023-08-03,0.000105999999505,0.000105999999505,9.7999996796716e-05,0.0001019999981508,0.0001019999981508,29782
LunchDAO USD,LUNCH-USD,2023-08-04,0.0001019999981508,0.0001049999991664,9.7999996796716e-05,0.0001019999981508,0.0001019999981508,31478
LunchDAO USD,LUNCH-USD,2023-08-05,0.0001019999981508,0.0001049999991664,0.0001009999978123,0.0001019999981508,0.0001019999981508,29478
LunchDAO USD,LUNCH-USD,2023-08-06,0.0001019999981508,0.0001039999988279,0.0001019999981508,0.0001029999984893,0.0001029999984893,28996
LunchDAO USD,LUNCH-USD,2023-08-07,0.0001029999984893,0.0001100000008591,0.0001009999978123,0.0001019999981508,0.0001019999981508,31473
LunchDAO USD,LUNCH-USD,2023-08-08,0.0001019999981508,0.0001029999984893,0.0001009999978123,0.0001019999981508,0.0001019999981508,29063
LunchDAO USD,LUNCH-USD,2023-08-09,0.0001019999981508,0.0001019999981508,9.999999747378752e-05,0.0001009999978123,0.0001009999978123,29598
LunchDAO USD,LUNCH-USD,2023-08-10,0.0001009999978123,0.000105999999505,9.899999713525176e-05,0.0001029999984893,0.0001029999984893,29816
LunchDAO USD,LUNCH-USD,2023-08-11,0.0001029999984893,0.0001039999988279,0.0001009999978123,0.0001019999981508,0.0001019999981508,28451
LunchDAO USD,LUNCH-USD,2023-08-12,0.0001019999981508,0.0001039999988279,0.0001019999981508,0.0001019999981508,0.0001019999981508,28993
LunchDAO USD,LUNCH-USD,2023-08-13,0.0001019999981508,0.000105999999505,0.0001019999981508,0.0001039999988279,0.0001039999988279,29619
LunchDAO USD,LUNCH-USD,2023-08-14,0.0001039999988279,0.0001100000008591,0.0001029999984893,0.0001039999988279,0.0001039999988279,30519
LunchDAO USD,LUNCH-USD,2023-08-15,0.0001039999988279,0.0001049999991664,0.0001019999981508,0.0001039999988279,0.0001039999988279,27056
LunchDAO USD,LUNCH-USD,2023-08-16,0.0001039999988279,0.000105999999505,9.999999747378752e-05,0.0001009999978123,0.0001009999978123,28746
LunchDAO USD,LUNCH-USD,2023-08-17,0.0001009999978123,0.0001049999991664,9.699999645818024e-05,9.899999713525176e-05,9.899999713525176e-05,28197
LunchDAO USD,LUNCH-USD,2023-08-18,9.899999713525176e-05,9.899999713525176e-05,9.7999996796716e-05,9.7999996796716e-05,9.7999996796716e-05,28712
LunchDAO USD,LUNCH-USD,2023-08-19,9.7999996796716e-05,0.0001029999984893,9.7999996796716e-05,0.0001009999978123,0.0001009999978123,29341
LunchDAO USD,LUNCH-USD,2023-08-20,0.0001009999978123,0.0001019999981508,9.999999747378752e-05,9.999999747378752e-05,9.999999747378752e-05,28612
LunchDAO USD,LUNCH-USD,2023-08-21,9.999999747378752e-05,0.000105999999505,9.999999747378752e-05,9.999999747378752e-05,9.999999747378752e-05,29100
LunchDAO USD,LUNCH-USD,2023-08-22,0.0001009999978123,0.0001049999991664,9.899999713525176e-05,0.0001009999978123,0.0001009999978123,29468
LunchDAO USD,LUNCH-USD,2023-08-23,0.0001009999978123,0.0001019999981508,9.7999996796716e-05,9.999999747378752e-05,9.999999747378752e-05,29320
LunchDAO USD,LUNCH-USD,2023-08-24,9.999999747378752e-05,0.0001009999978123,9.899999713525176e-05,9.999999747378752e-05,9.999999747378752e-05,29357
LunchDAO USD,LUNCH-USD,2023-08-25,9.999999747378752e-05,9.999999747378752e-05,9.899999713525176e-05,9.999999747378752e-05,9.999999747378752e-05,28855
LunchDAO USD,LUNCH-USD,2023-08-26,9.999999747378752e-05,0.0001009999978123,9.899999713525176e-05,9.999999747378752e-05,9.999999747378752e-05,25949
LunchDAO USD,LUNCH-USD,2023-08-27,9.999999747378752e-05,0.0001150000025518,9.899999713525176e-05,0.0001049999991664,0.0001049999991664,32360
LunchDAO USD,LUNCH-USD,2023-08-28,0.0001049999991664,0.0001049999991664,0.0001009999978123,0.0001009999978123,0.0001009999978123,30305
LunchDAO USD,LUNCH-USD,2023-08-29,0.0001009999978123,0.0001069999998435,0.0001009999978123,0.000105999999505,0.000105999999505,28928
LunchDAO USD,LUNCH-USD,2023-08-30,0.000105999999505,0.000105999999505,0.0001029999984893,0.0001039999988279,0.0001039999988279,28744
LunchDAO USD,LUNCH-USD,2023-08-31,0.0001039999988279,0.0001049999991664,0.0001019999981508,0.0001029999984893,0.0001029999984893,29198
LunchDAO USD,LUNCH-USD,2023-09-01,0.0001029999984893,0.0001029999984893,0.0001009999978123,0.0001019999981508,0.0001019999981508,29008
LunchDAO USD,LUNCH-USD,2023-09-02,0.0001019999981508,0.0001039999988279,9.899999713525176e-05,9.999999747378752e-05,9.999999747378752e-05,28490
LunchDAO USD,LUNCH-USD,2023-09-03,9.999999747378752e-05,0.0001029999984893,9.899999713525176e-05,0.0001009999978123,0.0001009999978123,28503
LunchDAO USD,LUNCH-USD,2023-09-04,0.0001019999981508,0.0001039999988279,9.999999747378752e-05,0.0001029999984893,0.0001029999984893,31981
LunchDAO USD,LUNCH-USD,2023-09-05,0.0001029999984893,0.0001029999984893,0.0001009999978123,0.0001019999981508,0.0001019999981508,35995
LunchDAO USD,LUNCH-USD,2023-09-06,0.0001019999981508,0.0001049999991664,9.7999996796716e-05,9.999999747378752e-05,9.999999747378752e-05,33286
LunchDAO USD,LUNCH-USD,2023-09-07,9.999999747378752e-05,0.0001019999981508,9.899999713525176e-05,9.999999747378752e-05,9.999999747378752e-05,36552
LunchDAO USD,LUNCH-USD,2023-09-08,9.999999747378752e-05,0.0001009999978123,9.999999747378752e-05,9.999999747378752e-05,9.999999747378752e-05,36039
LunchDAO USD,LUNCH-USD,2023-09-09,9.999999747378752e-05,0.0001019999981508,9.999999747378752e-05,0.0001009999978123,0.0001009999978123,33061
LunchDAO USD,LUNCH-USD,2023-09-10,0.0001009999978123,0.0001019999981508,9.699999645818024e-05,9.899999713525176e-05,9.899999713525176e-05,29135
LunchDAO USD,LUNCH-USD,2023-09-11,9.899999713525176e-05,9.899999713525176e-05,9.7999996796716e-05,9.899999713525176e-05,9.899999713525176e-05,34812
LunchDAO USD,LUNCH-USD,2023-09-12,9.899999713525176e-05,9.899999713525176e-05,9.500000305706636e-05,9.600000339560212e-05,9.600000339560212e-05,36814
LunchDAO USD,LUNCH-USD,2023-09-13,9.600000339560212e-05,9.699999645818024e-05,9.500000305706636e-05,9.600000339560212e-05,9.600000339560212e-05,35297
LunchDAO USD,LUNCH-USD,2023-09-14,9.59869139478542e-05,9.797852544579656e-05,9.550988033879548e-05,9.717537614051253e-05,9.717537614051253e-05,35693
LunchDAO USD,LUNCH-USD,2023-09-15,9.882202721200883e-05,9.89892942016013e-05,9.702524403110148e-05,9.813315409701318e-05,9.813315409701318e-05,35762
LunchDAO USD,LUNCH-USD,2023-09-16,9.698544454295188e-05,9.729604789754376e-05,9.698544454295188e-05,9.729604789754376e-05,9.729604789754376e-05,29545
LunchDAO USD,LUNCH-USD,2023-09-17,9.698544454295188e-05,9.788470197236164e-05,9.561324259266256e-05,9.580190089764072e-05,9.580190089764072e-05,23313
LunchDAO USD,LUNCH-USD,2023-09-18,9.579880133969708e-05,9.588270040694624e-05,9.30899113882333e-05,9.317580406786874e-05,9.317580406786874e-05,25283
LunchDAO USD,LUNCH-USD,2023-09-19,9.318034426542e-05,9.39104429562576e-05,9.127919474849476e-05,9.241452062269671e-05,9.241452062269671e-05,36838
LunchDAO USD,LUNCH-USD,2023-09-21,8.907188748707995e-05,8.961210551206023e-05,8.907188748707995e-05,8.961210551206023e-05,8.961210551206023e-05,34177
LunchDAO USD,LUNCH-USD,2023-09-22,8.898560190573335e-05,8.916263323044404e-05,8.898560190573335e-05,8.906443690648302e-05,8.906443690648302e-05,16791
LunchDAO USD,LUNCH-USD,2023-09-24,8.942918066168204e-05,8.955827070167288e-05,8.87454953044653e-05,8.902755507733673e-05,8.902755507733673e-05,27196
LunchDAO USD,LUNCH-USD,2023-09-25,8.710040856385604e-05,8.710040856385604e-05,8.709784015081823e-05,8.709784015081823e-05,8.709784015081823e-05,41125
LunchDAO USD,LUNCH-USD,2023-09-20,8.900000102585182e-05,9.000000136438757e-05,8.900000102585182e-05,8.900000102585182e-05,8.900000102585182e-05,34165
LunchDAO USD,LUNCH-USD,2023-09-23,8.900000102585182e-05,9.000000136438757e-05,8.900000102585182e-05,8.900000102585182e-05,8.900000102585182e-05,26739
LunchDAO USD,LUNCH-USD,2023-09-26,8.624228939879686e-05,8.629625517642125e-05,8.624228939879686e-05,8.629625517642125e-05,8.629625517642125e-05,45655
LunchDAO USD,LUNCH-USD,2023-09-27,8.650431846035644e-05,8.68033166625537e-05,8.508448809152469e-05,8.545654418412596e-05,8.545654418412596e-05,45629
LunchDAO USD,LUNCH-USD,2023-09-28,8.517212700098753e-05,8.65347683429718e-05,8.498365787090734e-05,8.613998215878382e-05,8.613998215878382e-05,46656
LunchDAO USD,LUNCH-USD,2023-09-29,8.589214849052951e-05,8.939691906562075e-05,8.42925874167122e-05,8.765636448515579e-05,8.765636448515579e-05,49315
LunchDAO USD,LUNCH-USD,2023-09-30,8.71690790518187e-05,9.113104169955476e-05,8.625479676993564e-05,8.936363155953586e-05,8.936363155953586e-05,46513
LunchDAO USD,LUNCH-USD,2023-10-01,8.965159940999001e-05,9.227947884937748e-05,8.726433588890359e-05,8.826627163216472e-05,8.826627163216472e-05,61109
LunchDAO USD,LUNCH-USD,2023-10-02,8.823214011499658e-05,8.861000242177397e-05,8.617001731181517e-05,8.762007200857624e-05,8.762007200857624e-05,100323
LunchDAO USD,LUNCH-USD,2023-10-03,8.66903064888902e-05,8.777005132287741e-05,8.608276402810588e-05,8.730020635994151e-05,8.730020635994151e-05,60970
LunchDAO USD,LUNCH-USD,2023-10-04,8.70000003487803e-05,8.800000068731606e-05,8.600000001024455e-05,8.70000003487803e-05,8.70000003487803e-05,67231
LunchDAO USD,LUNCH-USD,2023-10-05,8.687606896273792e-05,8.755727321840823e-05,8.638689178042114e-05,8.736543531995267e-05,8.736543531995267e-05,68168
LunchDAO USD,LUNCH-USD,2023-10-06,8.584775787312537e-05,8.66623449837789e-05,8.499710384057835e-05,8.6086722149048e-05,8.6086722149048e-05,75293
LunchDAO USD,LUNCH-USD,2023-10-07,8.614091348135844e-05,8.682475163368508e-05,8.452126348856837e-05,8.52069933898747e-05,8.52069933898747e-05,79200
LunchDAO USD,LUNCH-USD,2023-10-08,8.504738070769235e-05,8.645841444376856e-05,8.49779462441802e-05,8.600861474405974e-05,8.600861474405974e-05,47928
LunchDAO USD,LUNCH-USD,2023-10-09,8.626306953374296e-05,8.664195775054395e-05,8.517682726960629e-05,8.556877583032474e-05,8.556877583032474e-05,49018
LunchDAO USD,LUNCH-USD,2023-10-10,8.545758464606479e-05,8.593675738666207e-05,8.115547097986564e-05,8.128087210934609e-05,8.128087210934609e-05,52045
LunchDAO USD,LUNCH-USD,2023-10-11,8.15403982414864e-05,8.225940109696239e-05,7.963762618601322e-05,8.10393103165552e-05,8.10393103165552e-05,51038
LunchDAO USD,LUNCH-USD,2023-10-12,8.049247844610363e-05,8.069501927820966e-05,7.360407471423969e-05,7.360407471423969e-05,7.360407471423969e-05,86311
LunchDAO USD,LUNCH-USD,2023-10-13,7.351344538619742e-05,7.382160401903093e-05,7.07159488229081e-05,7.278224802576005e-05,7.278224802576005e-05,64526
LunchDAO USD,LUNCH-USD,2023-10-14,7.267519686138257e-05,7.299889693967998e-05,7.149304292397574e-05,7.172575715230778e-05,7.172575715230778e-05,94113
LunchDAO USD,LUNCH-USD,2023-10-15,7.175575592555106e-05,7.272093353094533e-05,7.175575592555106e-05,7.23854245734401e-05,7.23854245734401e-05,95800
LunchDAO USD,LUNCH-USD,2023-10-16,7.257960533024743e-05,7.392099360004067e-05,7.203051791293547e-05,7.379113958450034e-05,7.379113958450034e-05,84416
LunchDAO USD,LUNCH-USD,2023-10-17,7.375319546554238e-05,7.390056998701766e-05,7.306413317564875e-05,7.338653085753322e-05,7.338653085753322e-05,78926
LunchDAO USD,LUNCH-USD,2023-10-18,7.322382589336485e-05,7.375217683147639e-05,7.159468805184588e-05,7.221045234473422e-05,7.221045234473422e-05,87936
LunchDAO USD,LUNCH-USD,2023-10-19,7.25056670489721e-05,7.259901030920446e-05,7.14027919457294e-05,7.237412501126528e-05,7.237412501126528e-05,73311
LunchDAO USD,LUNCH-USD,2023-10-20,7.262416329467669e-05,7.386135257547721e-05,6.975488940952346e-05,7.011894922470674e-05,7.011894922470674e-05,68527
LunchDAO USD,LUNCH-USD,2023-10-21,7.074683526298031e-05,7.100372022250667e-05,6.805820885347202e-05,6.834840314695612e-05,6.834840314695612e-05,67777
LunchDAO USD,LUNCH-USD,2023-10-22,6.82714962749742e-05,6.835886597400531e-05,6.546565418830141e-05,6.62414386169985e-05,6.62414386169985e-05,72355
LunchDAO USD,LUNCH-USD,2023-10-23,6.628062692470849e-05,6.994448631303385e-05,6.546428630826995e-05,6.556932930834591e-05,6.556932930834591e-05,78657
LunchDAO USD,LUNCH-USD,2023-10-24,6.585420487681404e-05,7.254473894136027e-05,6.563637725776061e-05,6.825139280408621e-05,6.825139280408621e-05,81851
